  1.0000000e+01   2.5344517e-06
  1.1000000e+01   2.1503579e-05
  1.2000000e+01   9.5479339e-05
  1.3000000e+01   2.7860976e-04
  1.4000000e+01   6.1324053e-04
  1.5000000e+01   1.1104690e-03
  1.6000000e+01   1.7505596e-03
  1.7000000e+01   2.4952335e-03
  1.8000000e+01   3.3009637e-03
  1.9000000e+01   4.1279914e-03
  2.0000000e+01   4.9445654e-03
  2.1000000e+01   5.7278271e-03
  2.2000000e+01   6.4629064e-03
  2.3000000e+01   7.1413354e-03
  2.4000000e+01   7.7593968e-03
  2.5000000e+01   8.3166885e-03
  2.6000000e+01   8.8149867e-03
  2.7000000e+01   9.2574001e-03
  2.8000000e+01   9.6477675e-03
  2.9000000e+01   9.9902458e-03
  3.0000000e+01   1.0289038e-02
  3.1000000e+01   1.0548223e-02
  3.2000000e+01   1.0771654e-02
  3.3000000e+01   1.0962904e-02
  3.4000000e+01   1.1125248e-02
  3.5000000e+01   1.1261656e-02
  3.6000000e+01   1.1374807e-02
  3.7000000e+01   1.1467106e-02
  3.8000000e+01   1.1540704e-02
  3.9000000e+01   1.1597521e-02
  4.0000000e+01   1.1639269e-02
  4.1000000e+01   1.1667472e-02
  4.2000000e+01   1.1683490e-02
  4.3000000e+01   1.1688530e-02
  4.4000000e+01   1.1683670e-02
  4.5000000e+01   1.1669871e-02
  4.6000000e+01   1.1647989e-02
  4.7000000e+01   1.1618790e-02
  4.8000000e+01   1.1582956e-02
  4.9000000e+01   1.1541100e-02
  5.0000000e+01   1.1493769e-02
  5.1000000e+01   1.1441456e-02
  5.2000000e+01   1.1384602e-02
  5.3000000e+01   1.1323607e-02
  5.4000000e+01   1.1259106e-02
  5.5000000e+01   1.1200166e-02
  5.6000000e+01   1.1240443e-02
  5.7000000e+01   1.1656495e-02
  5.8000000e+01   1.2382301e-02
  5.9000000e+01   1.2648187e-02
  6.0000000e+01   1.1938633e-02
  6.1000000e+01   1.1038851e-02
  6.2000000e+01   1.0671404e-02
  6.3000000e+01   1.0551044e-02
  6.4000000e+01   1.0463069e-02
  6.5000000e+01   1.0408607e-02
  6.6000000e+01   1.0490596e-02
  6.7000000e+01   1.0613708e-02
  6.8000000e+01   1.0408316e-02
  6.9000000e+01   1.0080999e-02
  7.0000000e+01   9.9060415e-03
  7.1000000e+01   9.7999161e-03
  7.2000000e+01   9.7009727e-03
  7.3000000e+01   9.6014990e-03
  7.4000000e+01   9.5012423e-03
  7.5000000e+01   9.4002504e-03
  7.6000000e+01   9.2985716e-03
  7.7000000e+01   9.1962503e-03
  7.8000000e+01   9.0933279e-03
  7.9000000e+01   8.9898424e-03
  8.0000000e+01   8.8858292e-03
  8.1000000e+01   8.7813210e-03
  8.2000000e+01   8.6763483e-03
  8.3000000e+01   8.5709394e-03
  8.4000000e+01   8.4651204e-03
  8.5000000e+01   8.3589158e-03
  8.6000000e+01   8.2523484e-03
  8.7000000e+01   8.1454394e-03
  8.8000000e+01   8.0382085e-03
  8.9000000e+01   7.9306741e-03
  9.0000000e+01   7.8228536e-03
  9.1000000e+01   7.7147629e-03
  9.2000000e+01   7.6064172e-03
  9.3000000e+01   7.4978304e-03
  9.4000000e+01   7.3890159e-03
  9.5000000e+01   7.2799858e-03
  9.6000000e+01   7.1707518e-03
  9.7000000e+01   7.0613248e-03
  9.8000000e+01   6.9517148e-03
  9.9000000e+01   6.8419316e-03
  1.0000000e+02   6.7319840e-03
  1.0100000e+02   6.6218806e-03
  1.0200000e+02   6.5116293e-03
  1.0300000e+02   6.4012374e-03
  1.0400000e+02   6.2907122e-03
  1.0500000e+02   6.1800603e-03
  1.0600000e+02   6.0692878e-03
  1.0700000e+02   5.9584007e-03
  1.0800000e+02   5.8474046e-03
  1.0900000e+02   5.7363047e-03
  1.1000000e+02   5.6251060e-03
  1.1100000e+02   5.5138132e-03
  1.1200000e+02   5.4024307e-03
  1.1300000e+02   5.2909627e-03
  1.1400000e+02   5.1794132e-03
  1.1500000e+02   5.0677859e-03
  1.1600000e+02   4.9560844e-03
  1.1700000e+02   4.8443121e-03
  1.1800000e+02   4.7324722e-03
  1.1900000e+02   4.6205676e-03
  1.2000000e+02   4.5086013e-03
  1.2100000e+02   4.3965761e-03
  1.2200000e+02   4.2844944e-03
  1.2300000e+02   4.1723587e-03
  1.2400000e+02   4.0601715e-03
  1.2500000e+02   3.9479349e-03
  1.2600000e+02   3.8356510e-03
  1.2700000e+02   3.7233218e-03
  1.2800000e+02   3.6109493e-03
  1.2900000e+02   3.4985352e-03
  1.3000000e+02   3.3860814e-03
  1.3100000e+02   3.2735894e-03
  1.3200000e+02   3.1610608e-03
  1.3300000e+02   3.0484971e-03
  1.3400000e+02   2.9358998e-03
  1.3500000e+02   2.8232702e-03
  1.3600000e+02   2.7106096e-03
  1.3700000e+02   2.5979193e-03
  1.3800000e+02   2.4852004e-03
  1.3900000e+02   2.3724541e-03
  1.4000000e+02   2.2596814e-03
  1.4100000e+02   2.1468834e-03
  1.4200000e+02   2.0340610e-03
  1.4300000e+02   1.9212153e-03
  1.4400000e+02   1.8083471e-03
  1.4500000e+02   1.6954572e-03
  1.4600000e+02   1.5825466e-03
  1.4700000e+02   1.4696159e-03
  1.4800000e+02   1.3566660e-03
  1.4900000e+02   1.2436975e-03
  1.5000000e+02   1.1307112e-03
  1.5100000e+02   1.0177077e-03
  1.5200000e+02   9.0468767e-04
  1.5300000e+02   7.9165171e-04
  1.5400000e+02   6.7860039e-04
  1.5500000e+02   5.6553429e-04
  1.5600000e+02   4.5245393e-04
  1.5700000e+02   3.3935984e-04
  1.5800000e+02   2.2625251e-04
  1.5900000e+02   1.1313241e-04
  1.6000000e+02   0.0000000e+00
