  1.0000000e+01   6.9217856e-05
  1.1000000e+01   3.3252632e-04
  1.2000000e+01   9.8526051e-04
  1.3000000e+01   2.1368772e-03
  1.4000000e+01   3.7612621e-03
  1.5000000e+01   5.7322679e-03
  1.6000000e+01   7.8886815e-03
  1.7000000e+01   1.0082398e-02
  1.8000000e+01   1.2200262e-02
  1.9000000e+01   1.4167323e-02
  2.0000000e+01   1.5941105e-02
  2.1000000e+01   1.7503289e-02
  2.2000000e+01   1.8851905e-02
  2.3000000e+01   1.9995162e-02
  2.4000000e+01   2.0946984e-02
  2.5000000e+01   2.1724002e-02
  2.6000000e+01   2.2343628e-02
  2.7000000e+01   2.2822890e-02
  2.8000000e+01   2.3177782e-02
  2.9000000e+01   2.3422947e-02
  3.0000000e+01   2.3571561e-02
  3.1000000e+01   2.3635345e-02
  3.2000000e+01   2.3624643e-02
  3.3000000e+01   2.3548538e-02
  3.4000000e+01   2.3414972e-02
  3.5000000e+01   2.3230883e-02
  3.6000000e+01   2.3002316e-02
  3.7000000e+01   2.2734542e-02
  3.8000000e+01   2.2432156e-02
  3.9000000e+01   2.2099166e-02
  4.0000000e+01   2.1739070e-02
  4.1000000e+01   2.1354927e-02
  4.2000000e+01   2.0949412e-02
  4.3000000e+01   2.0524871e-02
  4.4000000e+01   2.0083362e-02
  4.5000000e+01   1.9626696e-02
  4.6000000e+01   1.9156466e-02
  4.7000000e+01   1.8674079e-02
  4.8000000e+01   1.8180778e-02
  4.9000000e+01   1.7677662e-02
  5.0000000e+01   1.7165706e-02
  5.1000000e+01   1.6645776e-02
  5.2000000e+01   1.6118643e-02
  5.3000000e+01   1.5585011e-02
  5.4000000e+01   1.5046999e-02
  5.5000000e+01   1.4552751e-02
  5.6000000e+01   1.4610218e-02
  5.7000000e+01   1.6719082e-02
  5.8000000e+01   2.0514876e-02
  5.9000000e+01   2.1819410e-02
  6.0000000e+01   1.7844950e-02
  6.1000000e+01   1.2854024e-02
  6.2000000e+01   1.0757364e-02
  6.3000000e+01   1.0005858e-02
  6.4000000e+01   9.4361013e-03
  6.5000000e+01   9.0533875e-03
  6.6000000e+01   9.4126796e-03
  6.7000000e+01   9.9981259e-03
  6.8000000e+01   8.8156741e-03
  6.9000000e+01   6.9810513e-03
  7.0000000e+01   5.9727124e-03
  7.1000000e+01   5.3393838e-03
  7.2000000e+01   4.7484151e-03
  7.3000000e+01   4.1580073e-03
  7.4000000e+01   3.5665789e-03
  7.5000000e+01   2.9741839e-03
  7.6000000e+01   2.3808933e-03
  7.7000000e+01   1.7867720e-03
  7.8000000e+01   1.1918801e-03
  7.9000000e+01   5.9627251e-04
  8.0000000e+01   6.3143889e-39
